0   5  2  4  10
1   7  1  11 15
2   4  0  12 13
3   3  3  13 9 
4   4  2  9  10
5   7  2  12 5 
6   6  5  12 8 
7   3  3  1  8 
8   4  3  5  10
9   8  2  4  7 
10  5  0  4  8 
11  4  1  8  12
12  5  0  12 14
13  3  2  1  0 
14  8  10 11 13
15  6  1  9  8 
16  3  6  3  14
17  4  2  6  14
18  4  0  3  1 
19  3  13 12 0 
20  3  3  0  14
21  8  1  4  14
22  4  12 9  14
23  7  0  4  8 
24  3  10 14 5 
25  3  4  3  12
26  3  3  6  10
27  7  4  15 14
28  4  13 14 7 
29  3  2  10 5 
30  8  0  8  12
31  6  12 6  4 
32  4  4  5  9 
33  7  8  13 5 
34  6  6  5  4 
35  8  5  6  8 
36  7  14 0  12
37  4  4  7  10
38  4  12 8  0 
39  4  1  7  5 
40  8  2  1  0 
41  8  9  12 5 
42  4  0  1  14
43  8  2  1  6 
44  7  2  14 13
45  3  2  11 9 
46  4  3  0  1 
47  7  0  15 13
48  7  13 14 5 
49  6  1  13 7 
50  3  5  3  15
51  4  4  10 7 
52  7  1  4  6 
53  3  12 14 11
54  6  8  9  10
55  7  2  13 11
56  5  4  2  12
57  7  4  8  15
58  4  3  13 14
59  5  1  7  11
60  4  3  4  7 
61  4  15 8  4 
62  3  3  10 5 
63  5  13 6  12
# total people = 328 (allowed max 16*22 = 352)
# how many times each week got chosen:
#  0  1  2  3  4  5  6  7  8  9  10 11 12 13 14 15
#  15 15 13 13 17 14 9  8  13 8  11 6  16 13 15 6 
# number of owners specifying n of the popular weeks:
#  0  1  2  3 
#  12 35 13 4 
# RNG seed = 40
