0   4  12 14 3 
1   4  3  9  11
2   5  11 12 14
3   7  1  4  2 
4   5  4  3  8 
5   3  5  4  14
6   8  1  7  14
7   7  5  14 13
8   8  0  9  11
9   7  2  3  14
10  8  2  11 10
11  3  4  6  9 
12  4  9  7  15
13  8  1  6  12
14  3  10 2  13
15  7  1  12 10
16  8  2  11 9 
17  8  1  6  14
18  5  3  14 5 
19  4  0  8  5 
20  3  1  2  15
21  7  11 8  10
22  4  10 8  4 
23  3  0  10 9 
24  3  1  4  10
25  7  3  0  10
26  7  9  3  6 
27  7  14 2  5 
28  4  14 8  15
29  5  3  5  7 
30  5  2  4  15
31  6  7  11 10
32  3  2  7  13
33  4  3  1  8 
34  3  4  1  15
35  5  4  12 10
36  5  0  2  11
37  5  6  0  13
38  6  4  14 8 
39  5  2  8  13
40  7  4  7  13
41  3  2  0  9 
42  3  3  8  11
43  6  11 6  8 
44  6  2  6  14
45  8  0  2  4 
46  7  11 14 4 
47  7  12 1  2 
48  7  4  2  0 
49  4  13 12 3 
50  7  12 9  11
51  5  3  5  8 
52  5  3  12 10
53  3  3  9  8 
54  4  1  6  5 
55  3  1  6  9 
56  8  5  3  8 
57  4  5  8  1 
58  5  4  2  5 
59  5  6  7  12
60  3  3  2  1 
61  6  2  5  13
62  3  0  1  4 
63  5  3  9  15
# total people = 337 (allowed max 16*22 = 352)
# how many times each week got chosen:
#  0  1  2  3  4  5  6  7  8  9  10 11 12 13 14 15
#  10 15 19 17 16 12 10 7  14 12 11 12 10 8  13 6 
# number of owners specifying n of the popular weeks:
#  0  1  2  3 
#  9  38 12 5 
# RNG seed = 4
