0   4  5  9  12
1   3  2  4  5 
2   4  4  13 15
3   8  13 11 7 
4   6  4  5  14
5   4  3  4  13
6   5  12 11 15
7   8  12 3  0 
8   5  1  0  13
9   5  0  10 9 
10  6  2  4  9 
11  7  2  8  13
12  3  2  4  15
13  3  2  5  9 
14  4  2  0  4 
15  3  4  1  5 
16  5  2  0  15
17  5  4  9  7 
18  5  4  7  13
19  8  1  6  12
20  4  12 6  13
21  5  10 0  8 
22  4  0  7  15
23  4  4  11 6 
24  3  0  2  1 
25  7  0  5  9 
26  6  4  8  14
27  5  9  14 4 
28  8  7  10 0 
29  8  3  7  15
30  8  11 3  2 
31  7  4  9  12
32  5  1  14 10
33  6  5  7  15
34  3  0  6  9 
35  6  15 9  6 
36  7  3  10 8 
37  4  2  3  0 
38  7  3  2  8 
39  4  2  7  12
40  6  4  0  15
41  4  4  14 8 
42  4  1  14 13
43  5  3  2  0 
44  3  14 15 4 
45  6  12 14 3 
46  5  4  12 5 
47  5  0  7  15
48  5  0  6  8 
49  3  4  1  14
50  3  0  8  13
51  3  0  5  9 
52  8  0  11 6 
53  3  13 5  11
54  3  4  6  10
55  3  11 8  1 
56  4  13 14 15
57  5  8  7  10
58  5  2  13 12
59  6  13 7  8 
60  5  3  0  12
61  3  12 8  9 
62  3  3  14 9 
63  3  1  9  7 
# total people = 315 (allowed max 16*22 = 352)
# how many times each week got chosen:
#  0  1  2  3  4  5  6  7  8  9  10 11 12 13 14 15
#  20 9  14 11 20 10 8  12 12 14 7  7  12 13 11 12
# number of owners specifying n of the popular weeks:
#  0  1  2  3 
#  11 36 13 4 
# RNG seed = 30
