0   3  3  2  12
1   5  2  12 7 
2   6  4  9  13
3   5  2  15 8 
4   3  14 4  3 
5   3  9  1  5 
6   6  4  2  6 
7   6  4  5  11
8   8  1  7  15
9   7  5  14 7 
10  3  0  13 8 
11  8  8  15 13
12  7  9  5  7 
13  3  3  4  5 
14  8  2  1  8 
15  5  1  2  7 
16  8  0  15 9 
17  4  1  9  8 
18  4  4  15 8 
19  6  4  3  6 
20  4  1  15 6 
21  7  0  6  15
22  7  0  12 10
23  3  4  3  0 
24  4  1  6  8 
25  8  3  9  12
26  4  2  9  14
27  4  2  5  6 
28  4  2  0  1 
29  4  0  6  7 
30  4  1  9  13
31  7  3  0  12
32  7  1  12 13
33  3  1  12 11
34  3  0  4  9 
35  3  0  15 6 
36  4  11 8  2 
37  5  0  7  6 
38  3  1  14 6 
39  3  3  12 15
40  5  2  11 5 
41  7  14 10 4 
42  3  1  11 5 
43  4  5  3  0 
44  4  0  3  8 
45  7  3  5  9 
46  5  1  9  5 
47  5  3  8  9 
48  8  4  8  11
49  3  9  5  4 
50  5  0  7  12
51  8  2  15 12
52  3  4  3  1 
53  8  12 0  4 
54  5  2  10 6 
55  7  0  11 14
56  7  4  7  10
57  5  3  1  7 
58  4  1  15 9 
59  4  1  7  5 
60  7  1  2  14
61  4  3  8  11
62  5  3  8  12
63  4  0  11 6 
# total people = 326 (allowed max 16*22 = 352)
# how many times each week got chosen:
#  0  1  2  3  4  5  6  7  8  9  10 11 12 13 14 15
#  17 19 14 16 15 13 12 11 13 14 4  9  12 5  7  11
# number of owners specifying n of the popular weeks:
#  0  1  2  3 
#  3  44 14 3 
# RNG seed = 68
