0   5  3  5  10
1   5  1  9  8 
2   3  3  11 14
3   8  3  9  12
4   6  0  2  4 
5   3  3  15 5 
6   4  8  5  7 
7   4  4  15 8 
8   6  0  12 8 
9   3  2  3  5 
10  4  1  9  8 
11  6  2  0  7 
12  3  7  10 4 
13  6  1  10 12
14  6  6  0  9 
15  7  1  6  11
16  3  9  10 11
17  3  0  3  14
18  8  1  5  8 
19  4  0  4  14
20  6  6  14 4 
21  4  3  7  9 
22  4  4  3  13
23  7  13 7  9 
24  8  2  9  8 
25  5  11 8  2 
26  3  0  4  1 
27  4  2  5  11
28  7  4  0  15
29  8  11 6  3 
30  4  1  0  7 
31  3  2  9  5 
32  4  0  2  4 
33  4  4  10 14
34  4  0  3  15
35  4  4  10 12
36  4  5  11 14
37  3  3  15 6 
38  3  2  4  5 
39  7  6  8  1 
40  6  4  15 7 
41  4  1  7  14
42  6  2  12 6 
43  5  3  1  5 
44  6  4  2  3 
45  4  0  5  10
46  3  2  0  1 
47  3  3  0  8 
48  4  4  12 6 
49  7  1  2  7 
50  3  4  14 5 
51  7  11 10 7 
52  3  4  7  10
53  4  2  14 11
54  8  0  10 11
55  3  3  6  15
56  8  1  2  3 
57  3  0  8  6 
58  4  2  13 10
59  8  4  7  8 
60  8  3  9  14
61  4  4  8  10
62  5  4  0  2 
63  7  2  6  13
# total people = 316 (allowed max 16*22 = 352)
# how many times each week got chosen:
#  0  1  2  3  4  5  6  7  8  9  10 11 12 13 14 15
#  17 13 18 17 20 12 11 12 13 10 12 10 6  4  10 7 
# number of owners specifying n of the popular weeks:
#  0  1  2  3 
#  5  40 12 7 
# RNG seed = 70
