0   3  3  14 8 
1   7  1  9  5 
2   7  3  10 6 
3   6  0  1  10
4   4  14 10 1 
5   8  2  3  4 
6   7  4  1  0 
7   5  13 14 12
8   7  3  11 5 
9   7  2  7  10
10  7  12 1  13
11  5  0  14 10
12  8  2  3  0 
13  5  0  1  14
14  4  1  3  8 
15  5  9  10 6 
16  3  3  13 9 
17  5  3  15 14
18  4  0  5  13
19  3  5  10 9 
20  6  0  1  11
21  4  3  6  7 
22  4  1  11 10
23  8  0  2  1 
24  7  4  15 6 
25  7  5  10 7 
26  4  2  9  15
27  3  3  4  14
28  6  3  12 13
29  3  3  2  5 
30  5  3  11 5 
31  3  2  0  3 
32  6  3  12 6 
33  4  4  5  11
34  7  3  2  0 
35  8  1  5  11
36  6  4  8  6 
37  6  0  9  13
38  5  8  13 6 
39  3  4  1  12
40  5  0  9  7 
41  6  3  4  1 
42  5  3  4  11
43  3  4  2  13
44  5  2  10 15
45  3  13 3  6 
46  4  4  1  2 
47  7  0  1  13
48  5  2  3  11
49  8  1  15 8 
50  7  7  11 15
51  3  3  8  9 
52  7  8  4  10
53  8  14 2  13
54  8  4  2  12
55  6  2  4  0 
56  4  3  11 13
57  5  4  0  1 
58  3  3  2  4 
59  3  11 2  8 
60  6  4  12 7 
61  4  4  10 8 
62  6  0  5  13
63  8  4  2  11
# total people = 344 (allowed max 16*22 = 352)
# how many times each week got chosen:
#  0  1  2  3  4  5  6  7  8  9  10 11 12 13 14 15
#  16 17 18 23 19 10 8  6  9  8  12 12 7  13 8  6 
# number of owners specifying n of the popular weeks:
#  0  1  2  3 
#  6  34 13 11
# RNG seed = 3
