0   4  2  0  11
1   5  0  4  6 
2   4  4  15 5 
3   3  3  7  9 
4   7  0  5  11
5   3  6  15 10
6   3  3  5  10
7   4  4  7  13
8   5  4  5  14
9   7  2  6  13
10  4  0  14 5 
11  8  0  15 6 
12  8  14 10 13
13  5  3  15 14
14  3  11 14 4 
15  3  10 7  9 
16  8  6  8  4 
17  3  2  0  8 
18  6  13 9  6 
19  4  14 11 7 
20  7  3  15 5 
21  8  4  14 15
22  4  14 5  3 
23  5  1  14 13
24  5  2  10 9 
25  5  3  9  8 
26  7  3  9  5 
27  7  0  1  9 
28  7  10 11 4 
29  6  15 0  8 
30  4  3  15 12
31  6  1  9  6 
32  6  3  0  8 
33  4  1  3  14
34  4  9  11 5 
35  5  3  15 6 
36  6  3  10 5 
37  3  2  10 9 
38  7  0  10 14
39  8  1  6  12
40  4  3  9  6 
41  7  2  4  15
42  6  1  2  10
43  4  2  15 8 
44  5  0  9  11
45  6  4  6  15
46  7  3  1  2 
47  6  14 10 7 
48  8  14 10 6 
49  3  0  6  15
50  5  1  10 14
51  3  1  8  14
52  8  0  1  9 
53  6  1  6  7 
54  5  6  10 9 
55  8  2  0  7 
56  7  3  14 8 
57  7  4  13 9 
58  8  3  12 6 
59  5  0  15 10
60  6  13 14 6 
61  5  8  6  12
62  5  2  9  7 
63  6  0  12 8 
# total people = 351 (allowed max 16*22 = 352)
# how many times each week got chosen:
#  0  1  2  3  4  5  6  7  8  9  10 11 12 13 14 15
#  16 11 11 16 11 10 18 8  10 16 15 7  5  7  17 14
# number of owners specifying n of the popular weeks:
#  0  1  2  3 
#  11 42 10 1 
# RNG seed = 91
