0   8  11 9  10
1   5  2  1  4 
2   6  10 9  0 
3   7  0  3  15
4   6  3  1  5 
5   8  3  4  15
6   4  2  3  9 
7   6  3  0  8 
8   3  0  9  13
9   8  12 14 13
10  5  1  2  3 
11  6  13 14 5 
12  7  4  11 12
13  7  3  4  2 
14  4  3  9  6 
15  3  11 10 3 
16  7  1  3  9 
17  5  1  13 7 
18  3  3  2  9 
19  6  3  13 14
20  6  2  1  10
21  5  0  8  14
22  4  0  14 8 
23  5  12 8  10
24  3  2  3  1 
25  5  2  11 13
26  3  2  5  15
27  3  10 4  3 
28  4  7  5  14
29  6  1  15 11
30  5  0  2  7 
31  6  4  8  12
32  8  2  0  15
33  6  1  10 13
34  3  1  9  7 
35  8  1  13 12
36  5  3  4  10
37  7  9  0  11
38  6  4  0  14
39  6  4  2  5 
40  7  4  12 15
41  5  0  8  10
42  5  9  5  10
43  3  1  7  5 
44  6  0  14 11
45  7  4  13 5 
46  5  0  11 12
47  7  4  2  0 
48  3  3  0  9 
49  8  0  11 10
50  5  3  7  11
51  7  2  12 10
52  4  4  2  6 
53  5  5  13 1 
54  4  3  1  15
55  8  1  5  7 
56  8  0  9  11
57  4  8  14 3 
58  3  0  3  13
59  5  0  14 10
60  4  0  15 11
61  7  3  8  9 
62  3  13 6  11
63  6  2  11 7 
# total people = 347 (allowed max 16*22 = 352)
# how many times each week got chosen:
#  0  1  2  3  4  5  6  7  8  9  10 11 12 13 14 15
#  20 15 16 21 13 10 3  8  8  13 13 14 8  12 10 8 
# number of owners specifying n of the popular weeks:
#  0  1  2  3 
#  7  34 18 5 
# RNG seed = 51
