0   4  6  7  2 
1   8  3  2  6 
2   7  3  6  12
3   8  6  14 11
4   6  1  12 7 
5   5  12 13 0 
6   5  2  9  6 
7   5  1  4  15
8   8  0  7  6 
9   3  4  0  12
10  6  4  2  8 
11  3  2  0  3 
12  5  1  6  14
13  5  1  12 9 
14  8  11 6  5 
15  7  1  10 15
16  8  4  15 6 
17  6  3  6  5 
18  7  1  8  12
19  6  1  8  15
20  4  2  13 15
21  7  0  8  15
22  4  14 11 1 
23  4  14 1  8 
24  5  10 5  12
25  6  0  12 10
26  4  4  10 11
27  7  1  13 7 
28  7  2  12 10
29  4  2  11 12
30  3  4  11 12
31  5  2  0  4 
32  5  4  0  9 
33  5  3  14 8 
34  8  2  12 13
35  4  15 5  9 
36  6  1  2  13
37  5  4  14 11
38  5  12 15 9 
39  5  1  2  5 
40  6  4  9  13
41  8  4  2  1 
42  4  0  1  8 
43  7  3  1  9 
44  4  1  10 15
45  3  1  13 5 
46  4  2  4  5 
47  4  4  15 12
48  3  0  6  10
49  4  0  5  10
50  4  0  5  11
51  3  15 4  8 
52  3  8  12 0 
53  4  2  9  14
54  3  8  0  13
55  6  3  15 14
56  6  2  11 10
57  5  13 3  7 
58  4  7  9  14
59  7  3  1  13
60  7  1  12 6 
61  6  0  12 13
62  7  2  4  8 
63  3  1  2  7 
# total people = 338 (allowed max 16*22 = 352)
# how many times each week got chosen:
#  0  1  2  3  4  5  6  7  8  9  10 11 12 13 14 15
#  15 20 18 9  15 9  12 7  11 9  9  9  17 11 9  12
# number of owners specifying n of the popular weeks:
#  0  1  2  3 
#  6  42 13 3 
# RNG seed = 9
