0   4  3  8  14
1   8  1  6  15
2   8  8  13 0 
3   7  5  4  8 
4   4  2  5  12
5   4  1  12 14
6   6  0  4  8 
7   4  0  3  7 
8   4  3  0  2 
9   5  3  13 14
10  4  3  0  12
11  7  8  3  14
12  5  3  0  5 
13  8  2  12 14
14  4  2  0  12
15  6  14 11 8 
16  6  3  5  6 
17  6  9  5  12
18  4  1  2  12
19  5  12 11 15
20  3  2  5  7 
21  6  0  14 8 
22  5  0  4  9 
23  7  1  5  6 
24  8  2  4  5 
25  3  1  14 11
26  4  0  2  7 
27  8  2  13 7 
28  4  4  5  14
29  7  10 15 8 
30  7  4  1  6 
31  6  13 9  0 
32  7  2  3  14
33  3  5  6  8 
34  5  4  10 6 
35  5  0  10 7 
36  8  1  0  3 
37  6  2  6  14
38  4  11 5  13
39  6  3  8  12
40  5  3  0  4 
41  5  5  14 13
42  6  11 12 9 
43  8  3  4  12
44  8  1  3  5 
45  5  4  9  7 
46  3  2  0  1 
47  3  9  12 2 
48  5  2  12 8 
49  5  2  5  7 
50  7  4  13 14
51  4  2  14 5 
52  5  2  5  10
53  6  4  11 7 
54  8  2  13 6 
55  5  0  2  1 
56  3  5  0  2 
57  7  1  6  8 
58  7  0  12 10
59  5  1  8  6 
60  4  15 5  0 
61  7  0  6  8 
62  5  2  10 14
63  4  4  8  14
# total people = 351 (allowed max 16*22 = 352)
# how many times each week got chosen:
#  0  1  2  3  4  5  6  7  8  9  10 11 12 13 14 15
#  20 12 21 14 13 18 11 8  15 6  6  6  14 8  16 4 
# number of owners specifying n of the popular weeks:
#  0  1  2  3 
#  8  37 14 5 
# RNG seed = 10